2007828
2013568
2487459
1921186
2487320
1880259
1743523
1880092
1955431
2524474
1505944
2230208
1762178
2327752
2225908
1790799
2231728
2194424
2296767
2218517
2190977
2150517
2509345
2369483
1577542
2293681
2469994
2331986
1862008
1634455
2226889
2291622
2147186
890009
185683
2361497
2515642
16928
2150556
1577503
2295232
195044
1949518
17909
2301830
1940585
1871375
1186520
890894
1048870
2151170
899407
2161513
768706
2182878
16769
2456406
1058555
15058
345232
166828
911096
339749
2229509
1481798
1450985
2472355
2363982
889942
166932
1150446
1048713
2193966
127511
118918
137694
2336474
1900793
137142
158443
145549
127300
1653930
2360993
138006
136610
610271
127090
137353
768379
166515
610263
152868
1046656
166529
126237
182425
23498
225602
108650
802142
2193867
117149
134076
151569
124998
105477
58823
644261
652242
597805
215582
257245
948921
