# LCFS boundary modes (cm); nfp=2; R(theta,phi)=sum R_mn cos/..., convention DESC FourierRZToroidalSurface
# nfp 2
-8 -8 -7.440611241954465e-08 0.0
-8 -7 3.9973114826696787e-07 0.0
-8 -6 -2.651425373506116e-06 0.0
-8 -5 1.8184437353558014e-06 0.0
-8 -4 4.1561896766465e-06 0.0
-8 -3 7.937338928598239e-06 0.0
-8 -2 3.1584582987479628e-06 0.0
-8 -1 5.395190402164976e-06 0.0
-8 0 0.0 2.3949490144236224e-05
-8 1 0.0 -2.1322586748566727e-06
-8 2 0.0 -2.817561362471772e-05
-8 3 0.0 -9.754524944015838e-06
-8 4 0.0 3.8387421873029625e-06
-8 5 0.0 -2.7466919671731817e-07
-8 6 0.0 1.2013574221519312e-06
-8 7 0.0 1.8954208847042118e-06
-8 8 0.0 -1.3598200639541817e-07
-7 -8 -2.035438083769024e-07 0.0
-7 -7 -4.530381887835899e-06 0.0
-7 -6 1.781400029306742e-05 0.0
-7 -5 1.4257120528197707e-05 0.0
-7 -4 6.643071146057456e-05 0.0
-7 -3 5.897539832726155e-06 0.0
-7 -2 -4.5737916751299507e-05 0.0
-7 -1 3.8014090973743816e-05 0.0
-7 0 0.0 -0.00024699260576458234
-7 1 0.0 8.865278676698044e-05
-7 2 0.0 0.00012820235235296782
-7 3 0.0 -9.513979231934148e-06
-7 4 0.0 -9.061813222500411e-06
-7 5 0.0 -1.0578417843696683e-05
-7 6 0.0 7.555298406044172e-07
-7 7 0.0 -7.793521041098147e-06
-7 8 0.0 -1.219843025027144e-07
-6 -8 -2.4336321169492735e-07 0.0
-6 -7 2.9482575241568297e-06 0.0
-6 -6 7.754168290171456e-05 0.0
-6 -5 1.7001223037050958e-05 0.0
-6 -4 -9.569679031931654e-05 0.0
-6 -3 -0.000739203057300175 0.0
-6 -2 -0.0005727011090595241 0.0
-6 -1 0.0057373779206194575 0.0
-6 0 0.0 0.006196887885488554
-6 1 0.0 -0.0030075612146712007
-6 2 0.0 -0.0018481932195925264
-6 3 0.0 -0.00021782645764583026
-6 4 0.0 0.00016813284517636258
-6 5 0.0 0.0002464706150424227
-6 6 0.0 -1.7510247216287216e-05
-6 7 0.0 -9.508063499765445e-08
-6 8 0.0 3.741298499862125e-07
-5 -8 -4.4898658784702955e-09 0.0
-5 -7 6.08573888861845e-06 0.0
-5 -6 5.718747847008855e-06 0.0
-5 -5 0.0005611708788252434 0.0
-5 -4 0.008843465613208597 0.0
-5 -3 -0.0035923468512865063 0.0
-5 -2 0.025405832053539128 0.0
-5 -1 -0.04411776996072209 0.0
-5 0 0.0 0.012377829855993956
-5 1 0.0 0.04152294592969715
-5 2 0.0 -0.0017324413803821062
-5 3 0.0 0.01214014627379356
-5 4 0.0 0.001533262559647616
-5 5 0.0 0.00034371648542155916
-5 6 0.0 -7.04557708082023e-06
-5 7 0.0 -3.5905450349388944e-06
-5 8 0.0 -1.009671231720251e-08
-4 -8 -1.745651336847253e-07 0.0
-4 -7 -1.041946636094618e-06 0.0
-4 -6 -1.7998993037134062e-05 0.0
-4 -5 0.001281782141239657 0.0
-4 -4 -0.013610130058597415 0.0
-4 -3 -0.006376823209282321 0.0
-4 -2 0.000508527769480308 0.0
-4 -1 -0.03578875432473733 0.0
-4 0 0.0 0.09851257639799985
-4 1 0.0 0.13481881843196533
-4 2 0.0 -0.06637969100576298
-4 3 0.0 -0.03009498743693502
-4 4 0.0 -0.0037579537770800805
-4 5 0.0 -0.0008481189663136703
-4 6 0.0 -5.1644887698424014e-05
-4 7 0.0 2.133112246495709e-06
-4 8 0.0 9.925938398533784e-08
-3 -8 3.9469871106658684e-07 0.0
-3 -7 2.5338443568327043e-06 0.0
-3 -6 8.912841539927867e-05 0.0
-3 -5 -0.0029052542015354597 0.0
-3 -4 0.000279703558875909 0.0
-3 -3 0.03110589774467825 0.0
-3 -2 -0.12130617096776382 0.0
-3 -1 0.7583540961240947 0.0
-3 0 0.0 0.22187168233148133
-3 1 0.0 0.7831083337569701
-3 2 0.0 0.11874502145994308
-3 3 0.0 -0.04673906312421362
-3 4 0.0 -0.005021004823387199
-3 5 0.0 0.0002744196318981591
-3 6 0.0 4.321929984089725e-06
-3 7 0.0 -2.038346793682045e-06
-3 8 0.0 1.1120745104432694e-08
-2 -8 1.19269750868955e-07 0.0
-2 -7 1.7535535453654333e-06 0.0
-2 -6 -4.0481319969286175e-05 0.0
-2 -5 -0.0008140844622898379 0.0
-2 -4 0.0005807497118694403 0.0
-2 -3 0.07352553070591769 0.0
-2 -2 1.3957257854087473 0.0
-2 -1 0.6318417627775256 0.0
-2 0 0.0 -2.881118463518167
-2 1 0.0 1.480809838656118
-2 2 0.0 0.7371305644799193
-2 3 0.0 0.16972882025255734
-2 4 0.0 0.00031606975654430576
-2 5 0.0 -0.0010771368936918029
-2 6 0.0 -1.7472995064875222e-05
-2 7 0.0 -6.119746495239777e-07
-2 8 0.0 -2.1062464263616406e-07
-1 -8 5.08191000626823e-07 0.0
-1 -7 2.7307528719542428e-06 0.0
-1 -6 5.141219362114325e-05 0.0
-1 -5 0.0008334765022921165 0.0
-1 -4 -0.011212680068629542 0.0
-1 -3 -0.22017848223377878 0.0
-1 -2 -2.856264498466558 0.0
-1 -1 -14.810911813721106 0.0
-1 0 0.0 -21.582315512906074
-1 1 0.0 -12.562282616739061
-1 2 0.0 -2.3766354542403683
-1 3 0.0 -0.2803480029604291
-1 4 0.0 -0.007621409454117783
-1 5 0.0 0.00035569276683188354
-1 6 0.0 -3.247139704771224e-05
-1 7 0.0 -8.259692034343877e-07
-1 8 0.0 3.0959533526232686e-08
0 -8 0.0 -3.0858869260175937e-07
0 -7 0.0 1.7212551961925048e-06
0 -6 0.0 -1.0976438641897269e-05
0 -5 0.0 -0.00019179037552258886
0 -4 0.0 0.002824899458654872
0 -3 0.0 -0.0047437074624383305
0 -2 0.0 -0.948620101921201
0 -1 0.0 -13.599257937291354
0 0 100.0 0.0
0 1 19.494638316127833 0.0
0 2 1.0083338592561182 0.0
0 3 -0.003474741090414054 0.0
0 4 -0.000855990633442384 0.0
0 5 -4.275035978450335e-05 0.0
0 6 1.9512920038992964e-05 0.0
0 7 2.090592106532375e-06 0.0
0 8 1.5358492400387406e-07 0.0
1 -8 0.0 -6.228882475571658e-09
1 -7 0.0 -4.5687578700480895e-09
1 -6 0.0 3.160496620357098e-05
1 -5 0.0 -0.00016902646207435362
1 -4 0.0 -0.003139145366906624
1 -3 0.0 0.1204474617889076
1 -2 0.0 1.2740622518788496
1 -1 0.0 5.126670392350993
1 0 17.094988480224913 0.0
1 1 -7.667986644186291 0.0
1 2 -1.5245364965150765 0.0
1 3 -0.07302415539879639 0.0
1 4 -0.0030217663351319933 0.0
1 5 0.0011403510679324322 0.0
1 6 -6.209648467871826e-06 0.0
1 7 -1.2440670910964795e-07 0.0
1 8 -1.6859884114343433e-07 0.0
2 -8 0.0 -7.574193646141176e-08
2 -7 0.0 -8.639094859925519e-07
2 -6 0.0 4.641501484905945e-05
2 -5 0.0 -8.770841950867725e-05
2 -4 0.0 -0.0048671409394718205
2 -3 0.0 -0.1916124833186748
2 -2 0.0 -0.7598046096614991
2 -1 0.0 -0.6080001427555098
2 0 3.306020611379077 0.0
2 1 0.4881413528033965 0.0
2 2 1.4533846696604176 0.0
2 3 0.08743683711544495 0.0
2 4 0.008138363038429526 0.0
2 5 7.155066040151474e-05 0.0
2 6 -5.291743477057856e-05 0.0
2 7 1.442966241520753e-07 0.0
2 8 -5.3843650164914936e-08 0.0
3 -8 0.0 3.3719348881606195e-07
3 -7 0.0 -1.1373628634243504e-07
3 -6 0.0 2.0751891024572903e-05
3 -5 0.0 0.0006243157441028659
3 -4 0.0 0.011411305816793145
3 -3 0.0 0.09597995474858706
3 -2 0.0 0.03545229507284465
3 -1 0.0 0.009476199303303347
3 0 -0.2915864383537057 0.0
3 1 0.19841965767235362 0.0
3 2 -0.24786379676702894 0.0
3 3 -0.017155702489271233 0.0
3 4 -0.007841253825359948 0.0
3 5 -0.003363868964129289 0.0
3 6 -2.3663822144403514e-05 0.0
3 7 -4.302493485901755e-07 0.0
3 8 2.5199284870237494e-07 0.0
4 -8 0.0 -6.6967873708813e-08
4 -7 0.0 -1.6816634036065108e-06
4 -6 0.0 -6.764224563720863e-06
4 -5 0.0 0.001023355482622889
4 -4 0.0 0.004406577482652649
4 -3 0.0 0.03038654970838067
4 -2 0.0 0.08762900229520916
4 -1 0.0 -0.03082517875210744
4 0 -0.22299441460139313 0.0
4 1 -0.10281122143156521 0.0
4 2 -0.03767272997582742 0.0
4 3 -0.00796961956983826 0.0
4 4 -0.014583427680409648 0.0
4 5 0.0009118676853969567 0.0
4 6 5.643034747899523e-05 0.0
4 7 2.6569032875625803e-06 0.0
4 8 -1.4739425499227895e-07 0.0
5 -8 0.0 9.301019486047593e-08
5 -7 0.0 -1.778276205289971e-06
5 -6 0.0 -5.451233396406575e-06
5 -5 0.0 -0.00043444154597799576
5 -4 0.0 -0.00160947904295234
5 -3 0.0 -0.013357435327715652
5 -2 0.0 0.013334062603875759
5 -1 0.0 -0.010938699730057662
5 0 -0.004080657003444857 0.0
5 1 -0.027896608256769314 0.0
5 2 0.011871938200606058 0.0
5 3 -0.003028989261484311 0.0
5 4 0.009084998860058967 0.0
5 5 0.0005877658657755624 0.0
5 6 3.688606247714857e-05 0.0
5 7 -3.7001580156321733e-06 0.0
5 8 2.510520276130561e-07 0.0
6 -8 0.0 5.054099834754948e-07
6 -7 0.0 4.148887264008842e-06
6 -6 0.0 -3.5774696755436746e-05
6 -5 0.0 -0.00037693152432628427
6 -4 0.0 -0.0006609573803232036
6 -3 0.0 -0.0005828576070261653
6 -2 0.0 -0.0013338002018993987
6 -1 0.0 -0.0011182295434943646
6 0 -0.0007613112150685234 0.0
6 1 0.0014487369697028065 0.0
6 2 0.0022392230810634826 0.0
6 3 -0.0001770610487887095 0.0
6 4 0.000256587356146706 0.0
6 5 0.00019395887566085398 0.0
6 6 0.00011385805430147074 0.0
6 7 4.400201963409602e-06 0.0
6 8 5.84764069200349e-07 0.0
7 -8 0.0 -3.9050837605737823e-07
7 -7 0.0 -6.34667794165846e-06
7 -6 0.0 9.878100568848893e-07
7 -5 0.0 1.6951365387387563e-05
7 -4 0.0 2.835978394295255e-05
7 -3 0.0 4.9890767831048216e-06
7 -2 0.0 -8.531218996745505e-05
7 -1 0.0 4.2481138051746066e-06
7 0 -0.00010245348400493067 0.0
7 1 -0.00018798602126264416 0.0
7 2 -0.00017957583191319487 0.0
7 3 -1.1025948370108854e-05 0.0
7 4 2.543001290597498e-05 0.0
7 5 3.417315871383296e-05 0.0
7 6 -6.298258604378588e-07 0.0
7 7 4.016429415449411e-06 0.0
7 8 -2.3369857335357476e-07 0.0
8 -8 0.0 6.748475008084325e-09
8 -7 0.0 1.0227776676908993e-06
8 -6 0.0 -2.2061769845081165e-06
8 -5 0.0 1.7103018297207305e-06
8 -4 0.0 -8.061132930369248e-06
8 -3 0.0 5.36887506939305e-06
8 -2 0.0 1.6307521351523854e-05
8 -1 0.0 -2.963833900933879e-05
8 0 -1.3879828762977608e-05 0.0
8 1 -1.8707929488976007e-05 0.0
8 2 1.1033849283007253e-05 0.0
8 3 1.3385859048522827e-05 0.0
8 4 1.499125880887308e-05 0.0
8 5 -7.126475622458617e-06 0.0
8 6 -3.0432410546411516e-07 0.0
8 7 -4.414741490530933e-06 0.0
8 8 -5.053104315404154e-07 0.0
